001690
037460
012540
001632
001891
001878
001440
141384
001704
001161
001602
064768
063080
061214
180405
180711
164532
024468
119314
013421
126136
003226
029028
029901
035182
020779
002574
003062
111864
035620
031587
033301
162887
016721
114524
008539
014225
170617
012635
183377
024856
160329
001300
024197
138205
006008
027928
136725
019744
028877
005568
006304
006565
178015
028930
027965
142953
178081
024316
034410
137310
012141
026061
007343
147579
137435
117768
184725
030736
028180
171067
008402
008253
033861
008479
035627
024616
024800
023812
009248
025434
141460
030662
024975
170616
001327
026494
017874
184996
010499
180652
066368
024344
011264
015044
007977
022325
035005
033037