14593
20190
75510
60871
44644
85631
24109
88860
14702
61241
14008
84788
83621
81472
79678
93002
90857
76841
86783
11403
12308
89525
87055
80320
18726
76076
62148
23660
86158
18911
81481
17685
90664
75828
86356
21776
11618
13407
10696
93132
77274
90319
10145
76709
88446
59328
78975
88352
14655
17942
15408
46886
48486
92203
85913
78987
89006
92221
88031
18312
88360
10107
15850
53613
89393
88362
86580
12084
16649
79103
13511
61621
60506
17972
13856
18940
15488
77178
76614
91556
77702
88949
80924
77357
13379
45911
15909
91937
93436
15579
93089
85753
76744
19502
13628
23931
76201
18484
17341